1.000000 
0.253005 
-0.197651 
0.121541 
-0.043599 
-0.018429 
0.053061 
-0.057896 
0.039356 
-0.009628 
-0.017946 
0.033368 
-0.032835 
0.019121 
0.000402 
-0.017159 
0.024782 
-0.021302 
0.009405 
0.005138 
-0.016091 
0.019295 
-0.014149 
0.003528 
0.007687 
-0.014776 
0.015102 
-0.009041 
-0.000402 
0.009025 
-0.013254 
0.011599 
-0.005130 
-0.003124 
0.009565 
-0.011573 
0.008545 
-0.002043 
-0.004987 
0.009530 
-0.009781 
0.005843 
0.000402 
-0.006186 
0.009061 
-0.007932 
0.003456 
0.002309 
-0.006845 
0.008261 
-0.006079 
0.001374 
0.003740 
-0.007055 
0.007217 
-0.004273 
-0.000402 
0.004741 
-0.006891 
0.006004 
-0.002563 
-0.001868 
0.005352 
-0.006421 
0.004690 
-0.000992 
-0.003021 
0.005612 
-0.005708 
0.003339 
0.000402 
-0.003865 
0.005563 
-0.004814 
0.002008 
0.001591 
-0.004408 
0.005248 
-0.003799 
0.000746 
0.002553 
-0.004668 
0.004713 
-0.002720 
-0.000402 
0.003277 
-0.004667 
0.004007 
-0.001628 
-0.001401 
0.003757 
-0.004436 
0.003179 
-0.000574 
-0.002225 
0.004001 
-0.004008 
0.002279 
0.000402 
-0.002854 
0.004021 
-0.003423 
0.001353 
0.001263 
-0.003281 
0.003839 
-0.002722 
0.000446 
0.001981 
-0.003505 
0.003481 
-0.001949 
-0.000402 
0.002536 
-0.003533 
0.002980 
-0.001144 
-0.001157 
0.002917 
-0.003382 
0.002371 
-0.000348 
-0.001793 
0.003121 
-0.003073 
0.001692 
0.000401 
-0.002288 
0.003151 
-0.002633 
0.000980 
0.001074 
-0.002630 
0.003021 
-0.002094 
0.000271 
0.001643 
-0.002815 
0.002747 
-0.001487 
-0.000401 
0.002088 
-0.002844 
0.002354 
-0.000847 
-0.001007 
0.002398 
-0.002728 
0.001868 
-0.000208 
-0.001521 
0.002565 
-0.002481 
0.001319 
0.000401 
-0.001924 
0.002592 
-0.002124 
0.000738 
0.000951 
-0.002205 
0.002485 
-0.001681 
0.000155 
0.001419 
-0.002357 
0.002259 
-0.001179 
-0.000401 
0.001787 
-0.002380 
0.001931 
-0.000647 
-0.000904 
0.002044 
-0.002281 
0.001523 
-0.000111 
-0.001333 
0.002182 
-0.002071 
0.001061 
0.000400 
-0.001671 
0.002201 
-0.001767 
0.000569 
0.000864 
-0.001906 
0.002107 
-0.001389 
0.000074 
0.001260 
-0.002031 
0.001910 
-0.000959 
-0.000400 
0.001571 
-0.002046 
0.001626 
-0.000502 
-0.000830 
0.001786 
-0.001956 
