1.13571
1.13572
1.13573
1.13574
1.13576
1.13578
1.13582
1.13586
1.13591
1.13595
1.13601
1.13607
1.13615
1.13622
1.13632
1.1364
1.1365
1.1366
1.13671
1.13683
1.13696
1.1371
1.13724
1.13739
1.13754
1.13771
1.13789
1.13808
1.13827
1.13847
1.13869
1.13892
1.13916
1.13941
1.13967
1.13995
1.14025
1.14055
1.14087
1.14121
1.14158
1.14196
1.14235
1.14277
1.14322
1.14369
1.14419
1.14472
1.14528
1.14588
1.14652
1.1472
1.14792
1.14871
1.14954
1.15043
1.15141
1.15245
1.15359
1.15482
1.15617
1.15764
1.15926
1.16105
1.16302
1.16523
1.1677
1.17049
1.17366
1.17728
1.18148
1.1864
1.19223
1.19926
1.20791
1.21886
1.23324
1.2531
1.28299
1.33557
1.47887
1.04315
0.831152
0.746329
0.693889
0.656639
0.628249
0.605683
0.587235
0.571878
0.558929
0.547912
0.538494
0.530436
0.523544
0.517681
0.512726
0.508619
0.505261
0.502624
0.500669
0.49935
0.498667
0.498605
0.499163
0.500352
0.502176
0.504677
0.507886
0.511835
0.516618
0.522286
0.528962
0.53677
0.545898
0.556563
0.569086
0.583904
0.601644
0.623242
0.650222
0.685232
0.733573
0.80859
0.969498
1.52821
1.34849
1.28949
1.25704
1.23583
1.22064
1.20914
1.20011
1.19279
1.18674
1.18165
1.17731
1.17357
1.1703
1.16743
1.16489
1.16262
1.16059
1.15876
1.1571
1.15559
1.15421
1.15295
1.15179
1.15073
1.14973
1.14883
1.14798
1.14718
1.14645
1.14577
1.14512
1.14452
1.14396
1.14343
1.14293
1.14247
1.14202
1.14161
1.14122
1.14085
1.1405
1.14017
1.13986
1.13957
1.13929
1.13902
1.13878
1.13854
1.13832
1.13811
1.13791
1.13773
1.13756
1.13739
1.13724
1.13709
1.13696
1.13683
1.13672
1.1366
1.13651
1.13641
1.13633
1.13625
1.13617
1.13612
1.13606
1.13601
1.13596
1.13593
1.1359
1.13588
1.13586
1.13585
1.13583
1.13584
1.13585
1.13586
1.13588
