1.135715 
1.135714 
1.135714 
1.135714 
1.135713 
1.135713 
1.135712 
1.135711 
1.135710 
1.135709 
1.135707 
1.135706 
1.135704 
1.135702 
1.135700 
1.135698 
1.135695 
1.135693 
1.135690 
1.135687 
1.135683 
1.135680 
1.135676 
1.135672 
1.135668 
1.135664 
1.135659 
1.135654 
1.135649 
1.135643 
1.135637 
1.135631 
1.135624 
1.135617 
1.135609 
1.135601 
1.135593 
1.135584 
1.135574 
1.135564 
1.135553 
1.135541 
1.135529 
1.135516 
1.135501 
1.135486 
1.135470 
1.135453 
1.135434 
1.135414 
1.135392 
1.135369 
1.135344 
1.135316 
1.135286 
1.135254 
1.135218 
1.135179 
1.135136 
1.135089 
1.135036 
1.134977 
1.134911 
1.134837 
1.134753 
1.134657 
1.134546 
1.134418 
1.134267 
1.134087 
1.133870 
1.133603 
1.133267 
1.132834 
1.132253 
1.131436 
1.130208 
1.128163 
1.124107 
1.112487 
0.955259 
0.522706 
0.511916 
0.508015 
0.506027 
0.504829 
0.504033 
0.503468 
0.503048 
0.502727 
0.502474 
0.502273 
0.502110 
0.501977 
0.501868 
0.501779 
0.501706 
0.501648 
0.501603 
0.501569 
0.501545 
0.501531 
0.501526 
0.501531 
0.501545 
0.501569 
0.501603 
0.501648 
0.501706 
0.501779 
0.501868 
0.501977 
0.502110 
0.502273 
0.502474 
0.502727 
0.503048 
0.503468 
0.504033 
0.504829 
0.506027 
0.508015 
0.511916 
0.522706 
0.955259 
1.112487 
1.124107 
1.128163 
1.130208 
1.131436 
1.132253 
1.132834 
1.133267 
1.133603 
1.133870 
1.134087 
1.134267 
1.134418 
1.134546 
1.134657 
1.134753 
1.134837 
1.134911 
1.134977 
1.135036 
1.135089 
1.135136 
1.135179 
1.135218 
1.135254 
1.135286 
1.135316 
1.135344 
1.135369 
1.135392 
1.135414 
1.135434 
1.135453 
1.135470 
1.135486 
1.135501 
1.135516 
1.135529 
1.135541 
1.135553 
1.135564 
1.135574 
1.135584 
1.135593 
1.135601 
1.135609 
1.135617 
1.135624 
1.135631 
1.135637 
1.135643 
1.135649 
1.135654 
1.135659 
1.135664 
1.135668 
1.135672 
1.135676 
1.135680 
1.135683 
1.135687 
1.135690 
1.135693 
1.135695 
1.135698 
1.135700 
1.135702 
1.135704 
1.135706 
1.135707 
1.135709 
1.135710 
1.135711 
1.135712 
1.135713 
1.135713 
1.135714 
1.135714 
1.135714 
